Frame,t_ms,Az_deg,El_deg,R_m,V_m_s
38,904372,17.390,4.770,1153.1,10.90
39,904536,17.920,4.260,1154.7,12.00
40,904700,17.960,4.240,1156.5,12.00
41,904864,18.000,4.210,1158.2,12.00
42,905028,18.040,4.190,1160.0,12.00
43,905192,18.080,4.170,1161.7,12.00
44,905356,18.110,4.150,1163.5,12.00
45,905520,18.150,4.130,1165.3,12.00
46,905684,18.190,4.110,1167.0,12.00
47,905848,18.230,4.080,1168.8,12.00
48,906012,18.260,4.060,1170.6,12.00
49,906176,18.300,4.040,1172.3,12.00
50,906340,18.340,4.020,1174.1,12.00
51,906504,18.380,4.000,1175.9,12.00
52,906668,18.410,3.980,1177.6,12.00
53,906832,18.450,3.960,1179.4,12.00
54,906996,18.490,3.940,1181.2,12.00
55,907160,18.020,4.430,1189.4,12.70
56,907324,17.960,4.380,1192.3,12.90
57,907488,17.970,4.380,1194.4,12.90
58,907652,17.980,4.380,1196.5,12.90
59,907816,17.990,4.380,1198.6,12.90
60,907980,18.000,4.380,1200.7,12.90
61,908144,18.010,4.380,1202.8,12.90
62,908308,18.030,4.380,1204.9,12.90
63,908472,18.040,4.380,1207.0,12.90
64,908636,18.050,4.380,1209.1,12.90
65,908800,18.060,4.380,1211.2,12.90
66,908964,18.070,4.380,1213.3,12.90
67,909128,18.080,4.380,1215.4,12.90
68,909292,18.090,4.380,1217.5,12.90
69,909456,18.100,4.380,1219.6,12.90
70,909620,18.110,4.370,1221.7,12.90
71,909784,18.130,4.370,1223.8,12.90
72,909948,17.620,4.400,1222.3,11.90
73,910112,17.290,4.120,1223.0,12.00
74,910276,17.260,4.100,1224.9,12.00
75,910440,17.240,4.090,1226.8,12.00
76,910604,17.210,4.080,1228.7,12.00
77,910768,17.190,4.070,1230.5,12.00
78,910932,17.170,4.060,1232.4,12.00
79,911096,17.140,4.050,1234.3,12.00
80,911260,17.120,4.040,1236.2,12.00
81,911424,17.100,4.030,1238.1,12.00
82,911588,17.080,4.020,1239.9,12.00
83,911752,17.050,4.000,1241.8,12.00
84,911916,17.030,3.990,1243.7,12.00
85,912080,17.010,3.980,1245.6,12.00
86,912244,16.980,3.970,1247.5,12.00
87,912408,16.960,3.960,1249.3,12.00
88,912572,16.940,3.950,1251.2,12.00
89,912736,16.650,3.710,1251.3,12.10
90,912900,16.620,3.690,1253.1,12.10
91,913064,16.590,3.670,1254.9,12.10
92,913228,16.560,3.650,1256.7,12.10
93,913392,16.520,3.630,1258.5,12.10
94,913556,16.490,3.610,1260.3,12.10
95,913720,16.460,3.590,1262.1,12.10
96,913884,16.420,3.570,1263.9,12.10
97,914048,16.390,3.550,1265.7,12.10
98,914212,16.360,3.530,1267.5,12.10
99,914376,16.330,3.510,1269.3,12.10
100,914540,16.290,3.490,1271.1,12.10
101,914704,16.260,3.470,1272.9,12.10
102,914868,16.230,3.450,1274.7,12.10
103,915032,16.200,3.430,1276.5,12.10
104,915196,16.170,3.410,1278.3,12.10
105,915360,16.130,3.390,1280.2,12.10
106,915524,16.230,3.040,1287.7,13.70
107,915688,16.360,3.490,1289.5,12.90
108,915852,16.340,3.470,1291.5,12.90
109,916016,16.320,3.460,1293.6,12.90
110,916180,16.290,3.440,1295.6,12.90
111,916344,16.270,3.430,1297.6,12.90
112,916508,16.250,3.420,1299.7,12.90
113,916672,16.230,3.400,1301.7,12.90
114,916836,16.210,3.390,1303.7,12.90
115,917000,16.190,3.380,1305.7,12.90
116,917164,16.170,3.360,1307.8,12.90
117,917328,16.150,3.350,1309.8,12.90
118,917492,16.130,3.340,1311.8,12.90
119,917656,16.110,3.330,1313.9,12.90
120,917820,16.090,3.310,1315.9,12.90
121,917984,16.070,3.300,1317.9,12.90
122,918148,16.050,3.290,1320.0,12.90
123,918312,16.290,3.550,1319.9,11.90
124,918476,16.350,3.930,1321.0,11.70
125,918640,16.350,3.950,1322.9,11.70
126,918804,16.340,3.960,1324.8,11.70
127,918968,16.330,3.970,1326.7,11.70
128,919132,16.330,3.990,1328.6,11.70
129,919296,16.320,4.000,1330.5,11.70
130,919460,16.310,4.010,1332.4,11.70
131,919624,16.310,4.030,1334.3,11.70
132,919788,16.300,4.040,1336.1,11.70
133,919952,16.290,4.050,1338.0,11.70
134,920116,16.290,4.070,1339.9,11.70
135,920280,16.280,4.080,1341.8,11.70
136,920444,16.270,4.090,1343.7,11.70
137,920608,16.270,4.110,1345.6,11.70
138,920772,16.260,4.120,1347.5,11.70
139,920936,16.250,4.130,1349.4,11.70
140,921100,16.170,4.200,1348.5,11.10
141,921264,16.460,4.030,1354.5,12.00
142,921428,16.460,4.040,1356.5,12.00
143,921592,16.470,4.050,1358.4,12.00
144,921756,16.470,4.050,1360.4,12.00
145,921920,16.470,4.060,1362.4,12.00
146,922084,16.470,4.070,1364.3,12.00
147,922248,16.480,4.080,1366.3,12.00
148,922412,16.480,4.090,1368.3,12.00
149,922576,16.480,4.090,1370.2,12.00
150,922740,16.480,4.100,1372.2,12.00
151,922904,16.490,4.110,1374.2,12.00
152,923068,16.490,4.120,1376.1,12.00
153,923232,16.490,4.120,1378.1,12.00
154,923396,16.500,4.130,1380.1,12.00
155,923560,16.500,4.140,1382.0,12.00
156,923724,16.500,4.150,1384.0,12.00
157,923888,16.350,3.680,1386.1,12.20
158,924052,16.220,3.560,1388.0,12.30
159,924216,16.210,3.540,1390.0,12.30
160,924380,16.200,3.530,1392.0,12.30
161,924544,16.190,3.510,1393.9,12.30
162,924708,16.180,3.500,1395.9,12.30
163,924872,16.170,3.480,1397.9,12.30
164,925036,16.170,3.470,1399.9,12.30
165,925200,16.160,3.450,1401.8,12.30
166,925364,16.150,3.440,1403.8,12.30
167,925528,16.140,3.420,1405.8,12.30
168,925692,16.130,3.410,1407.8,12.30
169,925856,16.120,3.390,1409.7,12.30
170,926020,16.120,3.380,1411.7,12.30
171,926184,16.110,3.360,1413.7,12.30
172,926348,16.100,3.350,1415.7,12.30
173,926512,16.090,3.330,1417.6,12.30
174,926676,16.330,2.910,1417.3,12.30
175,926840,16.430,2.960,1418.7,12.00
176,927004,16.440,2.930,1420.6,12.00
177,927168,16.440,2.910,1422.4,12.00
178,927332,16.450,2.880,1424.2,12.00
179,927496,16.450,2.850,1426.1,12.00
180,927660,16.460,2.830,1427.9,12.00
181,927824,16.460,2.800,1429.8,12.00
182,927988,16.470,2.770,1431.6,12.00
183,928152,16.470,2.750,1433.5,12.00
184,928316,16.480,2.720,1435.3,12.00
185,928480,16.480,2.690,1437.2,12.00
186,928644,16.490,2.670,1439.0,12.00
187,928808,16.490,2.640,1440.9,12.00
188,928972,16.500,2.610,1442.7,12.00
189,929136,16.500,2.590,1444.6,12.00
190,929300,16.510,2.560,1446.4,12.00
191,929464,16.510,2.530,1448.3,12.00
192,929628,16.520,2.510,1450.1,12.00
193,929792,16.520,2.480,1452.0,12.00
194,929956,16.530,2.450,1453.9,12.00
195,930120,16.530,2.430,1455.7,12.00
196,930284,16.540,2.400,1457.6,12.00
197,930448,16.540,2.380,1459.4,12.00
198,930612,16.550,2.350,1461.3,12.00
199,930776,16.550,2.320,1463.1,12.00
200,930940,16.560,2.300,1465.0,12.00
201,931104,16.560,2.270,1466.8,12.00
202,931268,16.570,2.250,1468.7,12.00
203,931432,16.570,2.220,1470.5,12.00
204,931596,16.580,2.200,1472.4,12.00
205,931760,16.580,2.170,1474.2,12.00
206,931924,16.590,2.150,1476.1,12.00
207,932088,16.590,2.120,1478.0,12.00
208,932252,16.030,2.480,1484.7,12.60
209,932416,15.970,2.510,1486.0,12.40
210,932580,15.960,2.500,1487.9,12.40
211,932744,15.940,2.490,1489.9,12.40
212,932908,15.930,2.470,1491.9,12.40
213,933072,15.920,2.460,1493.9,12.40
214,933236,15.910,2.450,1495.9,12.40
215,933400,15.900,2.430,1497.9,12.40
216,933564,15.880,2.420,1499.8,12.40
217,933728,15.870,2.410,1501.8,12.40
218,933892,15.860,2.400,1503.8,12.40
219,934056,15.850,2.380,1505.8,12.40
220,934220,15.840,2.370,1507.8,12.40
221,934384,15.820,2.360,1509.8,12.40
222,934548,15.810,2.340,1511.8,12.40
223,934712,15.800,2.330,1513.7,12.40
224,934876,15.790,2.320,1515.7,12.40
225,935040,16.050,2.610,1514.8,11.30
226,935204,16.050,2.610,1516.6,11.30
227,935368,16.050,2.610,1518.5,11.30
228,935532,16.050,2.610,1520.3,11.30
229,935696,16.050,2.600,1522.2,11.30
230,935860,16.050,2.600,1524.0,11.30
231,936024,16.040,2.600,1525.9,11.30
232,936188,16.040,2.600,1527.7,11.30
233,936352,16.040,2.600,1529.6,11.30
234,936516,16.040,2.600,1531.4,11.30
235,936680,16.040,2.600,1533.2,11.30
236,936844,16.040,2.590,1535.1,11.30
237,937008,16.030,2.590,1536.9,11.30
238,937172,16.030,2.590,1538.8,11.30
239,937336,16.030,2.590,1540.6,11.30
240,937500,16.030,2.590,1542.5,11.30
241,937664,16.030,2.590,1544.3,11.30
242,937828,16.030,2.590,1546.2,11.30
243,937992,16.020,2.580,1548.0,11.30
244,938156,16.020,2.580,1549.9,11.30
245,938320,16.020,2.580,1551.7,11.30
246,938484,16.020,2.580,1553.5,11.30
247,938648,16.020,2.580,1555.4,11.30
248,938812,16.020,2.580,1557.2,11.30
249,938976,16.020,2.580,1559.1,11.30
250,939140,16.010,2.570,1560.9,11.30
251,939304,16.010,2.570,1562.8,11.30
252,939468,16.010,2.570,1564.6,11.30
253,939632,16.010,2.570,1566.5,11.30
254,939796,16.010,2.570,1568.3,11.30
255,939960,16.010,2.570,1570.2,11.30
256,940124,16.000,2.570,1572.0,11.30
257,940288,16.000,2.560,1573.9,11.30
258,940452,16.000,2.560,1575.7,11.30
259,940616,16.000,2.560,1577.5,11.30
260,940780,16.000,2.560,1579.4,11.30
261,940944,16.000,2.560,1581.2,11.30
262,941108,16.000,2.560,1583.1,11.30
263,941272,15.990,2.560,1584.9,11.30
264,941436,15.990,2.550,1586.8,11.30
265,941600,15.990,2.550,1588.6,11.30
266,941764,15.990,2.550,1590.5,11.30
267,941928,15.990,2.550,1592.3,11.30
268,942092,15.990,2.550,1594.2,11.30
269,942256,15.990,2.550,1596.0,11.30
270,942420,15.980,2.550,1597.9,11.30
309,948816,10.990,26.790,4280.4,93.30
310,948980,10.850,26.760,4292.2,93.20
311,949144,10.720,26.720,4303.9,93.20
312,949308,10.580,26.680,4315.7,93.10
313,949472,10.440,26.640,4327.5,93.00
314,949636,10.300,26.600,4339.3,93.00
315,949800,10.170,26.560,4351.1,93.00
316,949964,10.030,26.520,4362.9,92.90
317,950128,9.900,26.480,4374.7,92.90
318,950292,9.770,26.440,4386.5,92.90
319,950456,9.630,26.400,4398.3,92.90
320,950620,9.500,26.360,4410.2,92.90
321,950784,9.370,26.320,4422.1,92.80
322,950948,9.240,26.280,4434.0,92.80
323,951112,9.110,26.240,4445.9,92.80
324,951276,8.990,26.200,4457.8,92.80
325,951440,8.860,26.160,4469.7,92.80
326,951604,8.730,26.120,4481.6,92.80
327,951768,8.610,26.080,4493.6,92.80
328,951932,8.480,26.040,4505.6,92.80
329,952096,8.360,26.000,4517.6,92.80
330,952260,8.230,25.960,4529.6,92.70
331,952424,8.110,25.920,4541.6,92.70
332,952588,7.990,25.880,4553.7,92.70
333,952752,7.870,25.840,4565.7,92.70
334,952916,7.740,25.800,4577.8,92.70
335,953080,7.620,25.760,4589.9,92.70
336,953244,7.510,25.720,4602.0,92.70
337,953408,7.390,25.680,4614.1,92.70
338,953572,7.270,25.640,4626.3,92.70
339,953736,7.150,25.600,4638.4,92.70
340,953900,7.040,25.560,4650.6,92.70
341,954064,6.920,25.520,4662.8,92.70
342,954228,6.800,25.480,4674.9,92.60
343,954392,6.690,25.440,4687.2,92.60
344,954556,6.580,25.400,4699.4,92.60
345,954720,6.460,25.360,4711.6,92.60
346,954884,6.350,25.320,4723.9,92.60
347,955048,6.240,25.280,4736.1,92.60
348,955212,6.130,25.240,4748.4,92.60
349,955376,6.020,25.200,4760.7,92.60
350,955540,5.910,25.160,4773.0,92.60
351,955704,5.800,25.120,4785.3,92.60
352,955868,5.690,25.080,4797.7,92.60
353,956032,5.580,25.040,4810.0,92.60
354,956196,5.470,25.000,4822.4,92.50
393,962592,1.580,24.100,3740.2,108.10
394,962756,1.500,24.100,3757.2,107.90
395,962920,1.420,24.090,3774.2,107.80
396,963084,1.330,24.090,3791.2,107.70
397,963248,1.250,24.080,3808.1,107.60
398,963412,1.170,24.080,3825.0,107.50
399,963576,1.090,24.070,3842.0,107.40
